5
11
1
18
13
25
29
22
10
21
19
12
26
15
8
23
7
16
3
14
2
30
17
6
27
20
4
24
9
28
17
13
23
11
2
15
25
4
29
14
5
18
7
21
9
16
27
20
26
22
6
24
30
12
28
1
25
19
3
8
27
2
28
1
29
17
13
3
21
4
24
7
16
26
25
12
8
14
10
23
6
15
22
9
20
1
19
5
11
30
7
18
10
18
5
28
16
29
22
13
24
17
6
26
15
21
11
20
25
30
9
14
2
12
3
27
19
23
8
4
26
15
5
18
21
6
13
28
10
29
3
24
12
20
7
25
19
27
4
14
9
30
2
8
17
23
11
22
16
1
9
18
25
13
29
22
26
4
16
7
28
2
27
1
10
15
23
5
17
21
12
19
11
24
6
20
30
8
3
14
24
27
11
25
7
28
3
18
4
30
5
14
8
13
2
10
1
15
9
17
5
20
26
23
16
21
29
22
3
12
20
14
1
26
2
19
15
4
13
9
27
19
5
25
10
29
16
30
6
21
18
7
24
11
28
17
12
23
8
30
24
11
21
4
22
28
3
25
14
2
23
10
19
15
20
12
16
29
9
17
1
8
13
5
22
18
27
7
26
6
22
10
25
20
7
30
2
9
26
23
15
1
8
18
3
21
4
28
17
24
12
29
13
27
16
5
14
19
11
6
12
30
23
29
2
20
10
24
8
21
6
16
4
26
7
17
3
13
1
11
22
27
9
14
19
5
25
7
18
28
20
15
24
6
17
30
16
22
14
1
29
13
28
8
4
23
15
21
26
2
18
10
3
27
11
25
12
9
19
5
26
24
19
30
18
3
11
29
15
9
24
10
12
23
27
14
22
1
6
13
21
7
4
20
5
17
8
2
16
2
27
10
5
28
15
10
30
3
16
11
19
23
6
14
17
4
28
13
29
9
25
8
20
7
21
26
1
12
18
22
26
13
25
30
17
1
8
28
11
23
6
18
3
21
5
24
14
20
12
22
4
19
9
2
15
27
10
29
16
7